0, 0 0 0;
1, 1 1 1;
2, 10 10 10;
3, 20 20 20;
4, 30 30 30;
5, 40 40 40;
6, 50 50 50;
7, 63 63 63;
8, 63 40 40;
9, 63 30 30;
10, 63 20 20;
11, 63 10 10;
12, 63 0 0;
13, 50 0 0;
14, 37 0 0;
15, 25 0 0;
16, 12 0 0;
17, 63 43 37;
18, 63 34 25;
19, 63 24 12;
20, 63 15 0;
21, 37 8 0;
22, 25 6 0;
23, 12 3 0;
24, 63 49 37;
25, 63 41 25;
26, 63 35 12;
27, 63 30 0;
28, 50 24 0;
29, 37 17 0;
30, 25 12 0;
31, 12 6 0;
32, 6 3 0;
33, 63 53 37;
34, 63 49 25;
35, 63 44 12;
36, 63 40 0;
37, 37 23 0;
38, 25 16 0;
39, 12 8 0;
40, 63 63 37;
41, 63 63 25;
42, 63 63 12;
43, 63 63 0;
44, 50 50 0;
45, 37 37 0;
46, 25 25 0;
47, 12 12 0;
48, 6 6 0;
49, 53 63 37;
50, 49 63 25;
51, 44 63 12;
52, 39 63 0;
53, 23 37 0;
54, 15 25 0;
55, 7 12 0;
56, 37 63 37;
57, 25 63 25;
58, 12 63 12;
59, 0 63 0;
60, 0 50 0;
61, 0 37 0;
62, 0 25 0;
63, 0 12 0;
64, 0 6 0;
65, 37 63 49;
66, 25 63 43;
67, 12 63 36;
68, 0 63 30;
69, 0 37 18;
70, 0 25 12;
71, 0 12 6;
72, 37 62 63;
73, 25 62 63;
74, 12 58 63;
75, 0 62 63;
76, 0 37 37;
77, 0 25 25;
78, 0 12 12;
79, 37 53 63;
80, 25 49 63;
81, 12 44 63;
82, 0 40 63;
83, 0 31 50;
84, 0 23 37;
85, 0 15 25;
86, 0 7 12;
87, 0 2 6;
88, 37 37 63;
89, 25 25 63;
90, 12 12 63;
91, 0 0 63;
92, 0 0 50;
93, 0 0 37;
94, 0 0 25;
95, 0 0 12;
96, 0 0 6;
97, 45 37 63;
98, 37 25 63;
99, 28 12 63;
100, 18 0 63;
101, 11 0 37;
102, 7 0 25;
103, 3 0 12;
104, 53 37 63;
105, 49 25 63;
106, 44 12 63;
107, 40 0 63;
108, 31 0 50;
109, 23 0 37;
110, 15 0 25;
111, 7 0 12;
112, 3 0 6;
113, 57 37 63;
114, 49 0 63;
115, 34 0 44;
116, 19 0 25;
117, 9 0 12;
118, 62 37 62;
119, 63 0 63;
120, 63 0 63;
121, 44 0 44;
122, 25 0 25;
123, 12 0 12;
124, 63 31 40;
125, 63 0 15;
126, 39 0 9;
127, 0 63 30;
